local plr = game.Players.LocalPlayer
local char = game.Players.LocalPlayer.Character
local ct = {}
local te = table.insert
local rs = game:GetService("RunService")
local stepped = rs.Stepped
local heartbeat = rs.Heartbeat
local smallhats = {}

function notify(t,tex,dur)
    game.StarterGui:SetCore("SendNotification", {
        Title = t; 
        Text = tex; 
        Duration = dur or 5;
    })
end

local function MissingHatsPrompt(hats,msg)
    if hats == nil then return end
    local msg = msg or "You're missing at least one of these hats, make sure to buy and equip them all for the script to work"
    local hats = hats or {}
    local str = ""
    
    for i,v in pairs(hats) do
        str = str .. tostring(v) .. ","
    end
    
    local humdes = Instance.new("HumanoidDescription")
    humdes.HatAccessory = str
     
    game:GetService("GuiService"):InspectPlayerFromHumanoidDescription(humdes, msg .. string.rep(" ",20000))
    
    humdes:Destroy()
end

for i,v in pairs(char.Humanoid:GetAccessories()) do
    if v.Handle.Size == Vector3.new(1,1,1) and #smallhats <= 7 then
        te(smallhats,v)
    end
end

if #smallhats < 7 then
    return MissingHatsPrompt({3438342658,4324158403,3940375351,4489239608,4381707497,3409612660,3033910400},"7 hats with a size of 1x1x1 are required for this script to work")
end

for i,v in pairs(smallhats) do
    local m = v.Handle:FindFirstChildOfClass("Mesh") or v.Handle:FindFirstChildOfClass("SpecialMesh")
    if m then m:Destroy() end
end

local srv = game:GetService("RunService")

local fl = Instance.new("Folder",char)
fl.Name = "ReanimStorage"

char.Archivable = true

local reanim = char:Clone()
reanim.Name = "Reanim"

for i,v in next, reanim:GetDescendants() do
    if v:IsA("BasePart") or v:IsA("Decal") then
        v.Transparency = 1 
    end 
    if v:IsA("ParticleEmitter") then
        v.Enabled = false
    end
end

local respawntime = game.Players.RespawnTime + .6
plr.Character = nil
plr.Character = char
char.Humanoid.AutoRotate = false
char.Humanoid.WalkSpeed = 0
char.Humanoid.JumpPower = 0
char.Torso.Anchored = true
notify("Notice", tostring(respawntime) .. " seconds until reanimation is complete")
wait(respawntime)
char.Torso.Anchored = false
char.Humanoid.Health = 0
--reanim.Humanoid.AutoRotate = false
reanim.Animate.Disabled = true
reanim.Parent = fl
reanim.HumanoidRootPart.CFrame = char.HumanoidRootPart.CFrame*CFrame.new(0,5,0)

local netless_Y = Vector3.new(0, 26, 0)
local v3_101 = Vector3.new(1, 0, 1)
local inf = math.huge
local v3_0 = Vector3.new(0,0,0)
local function getNetlessVelocity(realPartVelocity) --edit this if you have a better netless method
    if (realPartVelocity.Y > 1) or (realPartVelocity.Y < -1) then
        return realPartVelocity * (25.1 / realPartVelocity.Y)
    end
    realPartVelocity = realPartVelocity * v3_101
    local mag = realPartVelocity.Magnitude
    if mag > 1 then
        realPartVelocity = realPartVelocity * 100 / mag
    end
    return realPartVelocity + netless_Y
end

local function align(Part0, Part1, p, r)
	Part0.CustomPhysicalProperties = PhysicalProperties.new(0.0001, 0.0001, 0.0001, 0.0001, 0.0001)
    Part0.CFrame = Part1.CFrame
	local att0 = Instance.new("Attachment", Part0)
	att0.Orientation = r or v3_0
	att0.Position = v3_0
	att0.Name = "att0_" .. Part0.Name
	local att1 = Instance.new("Attachment", Part1)
	att1.Orientation = v3_0 
	att1.Position = p or v3_0
	att1.Name = "att1_" .. Part1.Name

	local ape = Instance.new("AlignPosition", att0)
	ape.ApplyAtCenterOfMass = false
	ape.MaxForce = inf
	ape.MaxVelocity = inf
	ape.ReactionForceEnabled = false
	ape.Responsiveness = 200
	ape.Attachment1 = att1
	ape.Attachment0 = att0
	ape.Name = "AlignPositionRtrue"
	ape.RigidityEnabled = true

	local apd = Instance.new("AlignPosition", att0)
	apd.ApplyAtCenterOfMass = false
	apd.MaxForce = inf
	apd.MaxVelocity = inf
	apd.ReactionForceEnabled = false
	apd.Responsiveness = 200
	apd.Attachment1 = att1
	apd.Attachment0 = att0
	apd.Name = "AlignPositionRfalse"
	apd.RigidityEnabled = false

	local ao = Instance.new("AlignOrientation", att0)
	ao.MaxAngularVelocity = inf
	ao.MaxTorque = inf
	ao.PrimaryAxisOnly = false
	ao.ReactionTorqueEnabled = false
	ao.Responsiveness = 200
	ao.Attachment1 = att1
	ao.Attachment0 = att0
	ao.RigidityEnabled = false
    
	if type(getNetlessVelocity) == "function" then
	    local realVelocity = Vector3.new(0,30,0)
        local steppedcon = stepped:Connect(function()
            Part0.Velocity = realVelocity
        end)
        local heartbeatcon = heartbeat:Connect(function()
            realVelocity = Part0.Velocity
            Part0.Velocity = getNetlessVelocity(realVelocity)
        end)
        Part0.Destroying:Connect(function()
            Part0 = nil
            steppedcon:Disconnect()
            heartbeatcon:Disconnect()
        end)
        te(ct,steppedcon)
        te(ct,heartbeatcon)
	end
	
    att0.Orientation = r or v3_0
	att0.Position = v3_0
	att1.Orientation = v3_0 
	att1.Position = p or v3_0
	Part0.CFrame = Part1.CFrame
end

function pos(part, parent, p)
    local att1 = Instance.new("Attachment",part)
    local alp = Instance.new("AlignPosition",part)
    local att2 = Instance.new("Attachment",parent)
    att1.Name = part.Name
    att2.Name = part.Name
    alp.Attachment0 = att1
    alp.Attachment1 = att2
    att2.Position = p or Vector3.new()
    alp.MaxForce = 999999999
    alp.MaxVelocity = math.huge
    alp.ReactionForceEnabled = false
    alp.Responsiveness = math.huge
    part.Massless = true
end

for i,part in next, char:GetDescendants() do
    if part:IsA("BasePart") then
        te(ct,srv.RenderStepped:Connect(function()
            part.CanCollide = false
        end))
    end
end

for i,part in next, char:GetDescendants() do
    if part:IsA("BasePart") then
        te(ct,srv.Stepped:Connect(function()
            part.CanCollide = false
        end))
    end
end

for i,part in next, reanim:GetDescendants() do
    if part:IsA("BasePart") then
        te(ct,srv.RenderStepped:Connect(function()
            part.CanCollide = false
        end))
    end
end

for i,part in next, reanim:GetDescendants() do
    if part:IsA("BasePart") then
        te(ct,srv.Stepped:Connect(function()
            part.CanCollide = false
        end))
    end
end

for i,v in next, char.Humanoid:GetAccessories() do
    if not table.find(smallhats,v) then
        align(v.Handle,reanim[v.Name].Handle)
    end
end

align(char["Head"],reanim["Head"])
align(char["Torso"],reanim["Torso"])
pos(char["HumanoidRootPart"],reanim["Torso"],Vector3.new(0,0,0))
align(char["Right Arm"],reanim["Right Arm"])
align(char["Left Arm"],reanim["Left Arm"])
align(char["Right Leg"],reanim["Right Leg"])
align(char["Left Leg"],reanim["Left Leg"])

m = plr:GetMouse()

--reanim.HumanoidRootPart.RootJoint.Part0 = nil

function flinger(p)
f = Instance.new("BodyAngularVelocity",p)
f.AngularVelocity = Vector3.new(9e9,9e9,9e9)
f.MaxTorque = Vector3.new(9e9,9e9,9e9)
end

flinger(char.HumanoidRootPart)

m = plr:GetMouse()

char.HumanoidRootPart.Transparency = 0.6

bp = Instance.new("BodyPosition",char.HumanoidRootPart)
bp.P = 9e9
bp.D = 9e9
bp.MaxForce = Vector3.new(99999,99999,99999)

local flingtarget

te(ct,srv.Heartbeat:Connect(function()
    if flingtarget then
        local pos = {x=0, y=0, z=0}
		pos.x = flingtarget.Position.X
		pos.y = flingtarget.Position.Y
		pos.z = flingtarget.Position.Z
		pos.x = pos.x + flingtarget.Velocity.X / 2
		pos.y = pos.y + flingtarget.Velocity.Y / 2
		pos.z = pos.z + flingtarget.Velocity.Z / 2
        bp.Position = Vector3.new(pos.x,pos.y,pos.z)
        char.HumanoidRootPart.Position = Vector3.new(pos.x,pos.y,pos.z)
    else
        bp.Position = reanim.Torso.Position
        char.HumanoidRootPart.Position = reanim.Torso.Position
    end
end))

local function flingattack(part)
    spawn(function()
        flingtarget = part
        wait(.2)
        flingtarget = nil
    end)
end

spawn(function()
    while true do
        if ded then break end
        for i = 1, 360 do
            local col = Color3.fromHSV(i/360, 1, 1)
            srv.Stepped:Wait()
            char.HumanoidRootPart.Color = col
        end
    end
end)

te(ct,srv.RenderStepped:Connect(function()
    reanim.Humanoid:Move(char.Humanoid.MoveDirection, false)
    reanim.Humanoid.Jump = char.Humanoid.Jump
end))

workspace.CurrentCamera.CameraSubject = reanim.Humanoid

local reset = Instance.new("BindableEvent")
te(ct,reset.Event:Connect(function()
    reanim:Destroy()
    HumanDied = true
    reanimated = false
    for i,v in next, char:GetDescendants() do
        if v:IsA("BasePart") then
            v.Anchored = true 
        end
    end
    
    plr.Character = nil
    plr.Character = char
    
    for i,v in pairs(ct) do
        v:Disconnect()
    end
    game:GetService("StarterGui"):SetCore("ResetButtonCallback", true)
    reset:Remove()
    notify("Resetting","Please wait " .. tostring(game.Players.RespawnTime) .. " seconds")
end))

game:GetService("StarterGui"):SetCore("ResetButtonCallback", reset)
wait()
local Mouse = m
local UserInputService = game:GetService("UserInputService")
local ContextActionService = game:GetService("ContextActionService")
local RunService = game:GetService("RunService")

local swait = function(time,callback)
    local runService = game:GetService("RunService")
    if time ~= nil and typeof(time) == "number" then
        for i = 1,math.ceil(time) - 1 do
            runService.Stepped:Wait()
        end
        return runService.Stepped:Wait(callback)
    else
        return runService.Stepped:Wait(callback)
    end
end

local clerp = function(a,b,t)
    if typeof(a) == "number" then
        return a + (b - a) * t
    elseif typeof(a) == "Vector3" or typeof(a) == "CFrame" or typeof(a) == "Color3" then
        return a:lerp(b,t)
    end
end

local Player = plr
local Character = reanim
local Humanoid = Character:FindFirstChildOfClass("Humanoid")
local Arms = {Right = Character["Right Arm"];Left = Character["Left Arm"];}
local Legs = {Right = Character["Right Leg"];Left = Character["Left Leg"];}
local Misc = {Head = Character["Head"];HumanoidRootPart = Character["HumanoidRootPart"];Torso = Character["Torso"]}

pcall(function() Character.Animate:Destroy() end)
pcall(function() Humanoid:FindFirstChildOfClass("Animator"):Destroy() end)

local PlaybackLoudness = 0

wait()

local plr = Player
local chr = reanim
local Head = chr.Head
local Root = chr.HumanoidRootPart
local Torso = chr.Torso
local RArm = chr["Right Arm"]
local LArm = chr["Left Arm"]
local RLeg = chr["Right Leg"]
local LLeg = chr["Left Leg"]
local RJ = Root.RootJoint
local Neck = Torso.Neck
local LS = Torso["Left Shoulder"] 
local LH = Torso["Left Hip"] 
local RS = Torso["Right Shoulder"] 
local RH = Torso["Right Hip"] 
local hum = Humanoid
local Pose = "Idle"
local attack = false
local combo = 1
local sin = 0
local cha = 1
local musicset = "Global"
local musicsetting = false
local modecolor = {"Rust","Dusty Rose"}
local modeMaterial = {"CorrodedMetal","Neon"}
local mode = "Rust"
local lastsong = "1588725965"
local namegui = true
local nameguisetting = false
local idling = 0
local page = 1
local died = false
local truedied = false
local transp = 0
local cooldisable = false
local hold = false
local effectde = 0
local rotati = 0
local a = 0.1
local b = 0.5
local si = 1
local pluse = false
local showed = false
local sceeene = false
local true1 = true
local true2 = true
local c = false
local didcc = false
local hlastjp = 40
local hlastws = 16
local doe = 0

local nilcolor = {
	[1] = "Really red",
	[2] = "New Yeller",
	[3] = "Lime green",
	[4] = "Really blue",
	[5] = "Deep orange",
	[6] = "Cyan",
	[7] = "Royal purple",
	[8] = "Hot pink",
	[9] = "Really black",
	[10] = "Institutional white",
};

function IsMaterialTerrainMaterial(EnumMaterial)
	local Workspace = game:GetService("Workspace")
	local Terrain = Workspace.Terrain
	return pcall(function() Terrain:GetMaterialColor(EnumMaterial) end)
end

function GetRandomMaterial()
	local Materials = Enum.Material:GetEnumItems()
	for _,Material in pairs(Materials) do
		if not IsMaterialTerrainMaterial(Material) then
			return Material
		end
	end
end

function GetRandomMeshType()
	local MeshTypes = Enum.MeshType:GetEnumItems()
	for _,MeshType in pairs(MeshTypes) do
		return MeshType
	end
end

function Create(a)
	local a = Instance.new(a)
	return function(b)
		for i,v in pairs(b or {}) do
			a[i] = v
		end
		return a
	end or a
end


for _,c in pairs(workspace:children()) do
	if c:IsA("Model") then
		if c:findFirstChildOfClass("StringValue") then
			local aaaa = c:findFirstChildOfClass("StringValue")
			local stringv = string.match(aaaa.Name,"RGSE")
			if stringv then
				aaaa:Remove()
			end
		end
	end
end
game:GetService("Lighting"):ClearAllChildren()
for _,c in pairs(chr:children()) do
	if c:IsA("Accessory") then
		local han = c:findFirstChild("Handle")
		if han then
			local wel = han:findFirstChildOfClass("Weld")
			if wel then
				local hmm = Create("StringValue"){
					Name = "acc",
					Parent = han
				};
				if wel.Part1 == Torso then
					hmm.Value = "Torso"
				elseif wel.Part1 == Head then
					hmm.Value = "Head"
				end
			end
		end
	end
end

function clerp(a,b,t)
	return a:lerp(b,t)
end

local newMotor = function(name,p0,p1,c0,c1)
	local w = Instance.new('Motor',p0)
	w.Name = name
	w.Part0 = p0
	w.Part1 = p1
	w.C0 = c0
	w.C1 = c1
	return w
end

function NoOutline(Part)
	Part.TopSurface,Part.BottomSurface,Part.LeftSurface,Part.RightSurface,Part.FrontSurface,Part.BackSurface = 10,10,10,10,10,10
end

function rayCast(Position,Direction,Range,Ignore)
	return game:service("Workspace"):FindPartOnRay(Ray.new(Position,Direction.unit*(Range or 999.999)),Ignore)
end

function parts(Par,name,size,color,mat,ref,tra)
	local part = Create("Part"){
		Parent = Par,
		Name = name,
		Size = size,
		CanCollide = false,
		Anchored = false,
		BrickColor = BrickColor.new(color),
		Material = mat,
		Reflectance = ref,
		Transparency = tra
	};
	NoOutline(part)
	part:BreakJoints()
	return part 
end

function cwedges(Par,name,size,color,mat,ref,tra)
	local wedgez = Create("CornerWedgePart"){
		Parent = Par,
		Name = name,
		Size = size,
		CanCollide = false,
		Anchored = false,
		BrickColor = BrickColor.new(color),
		Material = mat,
		Reflectance = ref,
		Transparency = tra
	};
	NoOutline(wedgez)
	wedgez:BreakJoints()
	return wedgez
end

function meshs(Par,name,scale,mtype,id)
	local mesh = Create("SpecialMesh"){
		Parent = Par,
		Name = name,
		Scale = scale,
		MeshType = mtype
	};
	if id ~= "" then
		mesh.MeshId = "rbxassetid://"..id
	end
	return mesh
end

function welds(Par,name,p0,p1,c0,c1)
	local weld = Create("Weld"){
		Parent = Par,
		Name = name,
		Part0 = p0,
		Part1 = p1,
		C0 = c0,
		C1 = c1
	};
	return weld
end

function sounds(Par,id,vol,pit)
	local sound = Create("Sound"){
		Parent = Par,
		SoundId = "rbxassetid://"..id,
		Volume = vol,
		PlaybackSpeed = pit,
		MaxDistance = 66666666
	};
	sound:Play()
	game:GetService("Debris"):AddItem(sound,10)
	return sound
end

function pssounds(Par,id,vol,pit,octave,pri)
	local psound = Create("Sound"){
		Parent = Par,
		SoundId = "rbxassetid://"..id,
		Volume = vol,
		PlaybackSpeed = pit,
		MaxDistance = 66666666}
	psound:Play()
	local pitch = Create("PitchShiftSoundEffect"){
		Parent = psound,
		Octave = octave,
		Priority = 2,
		Enabled = true
	};
	game:GetService("Debris"):AddItem(psound,10)
	return psound
end

function particles(par,zoff,color,id,lemi,linf,direct,sizmin,sizmax,tramin,tramax,lifemin,lifemax,rotmin,rotmax,speed,velocity,lock,timelimit)
	local aaa = NumberSequence.new({NumberSequenceKeypoint.new(0, sizmin),NumberSequenceKeypoint.new(1, sizmax)})
	local bbb = NumberSequence.new({NumberSequenceKeypoint.new(0, tramin),NumberSequenceKeypoint.new(1, tramax)})
	local parti = Create("ParticleEmitter"){
		Color = ColorSequence.new(BrickColor.new(color).Color),
		LightEmission = lemi,
		LightInfluence = 0,
		Texture = "rbxassetid://"..id,
		Transparency = bbb,
		Size = aaa,
		ZOffset = zoff,
		LockedToPart = lock,
		EmissionDirection = direct,
		Lifetime = NumberRange.new(lifemin,lifemax),
		Rate = 2000,
		Rotation = NumberRange.new(-360, 360),
		RotSpeed = NumberRange.new(-rotmin, rotmax),
		Speed = NumberRange.new(speed),
		VelocitySpread = velocity,
		Enabled = true,
		Parent = par
	}
	if timelimit ~= nil then
		coroutine.resume(coroutine.create(function(p)
			swait(timelimit)
			parti.Enabled = false
		end),parti)
		game:GetService("Debris"):AddItem(parti,10)
	end
	return parti
end

MainGui = Create("ScreenGui"){
	Name = "GlitcherGui",
	Parent = plr.PlayerGui,
	DisplayOrder = 5
}

if true1 or true2 then
	CCselection = Create("Frame"){
		Name = "CCFrame",
		Parent = MainGui,
		BorderSizePixel = 0,
		BackgroundTransparency = .5,
		BackgroundColor3 = BrickColor.new(modecolor[1]).Color,
		AnchorPoint = Vector2.new(.5,.5),
		Position = UDim2.new(.5,0,1.3,0),
		Size = UDim2.new(.3,0,.2,0),
		Rotation = 0,
		ZIndex = 2,
		ClipsDescendants = true
	}
	CCselection:TweenPosition(UDim2.new(.5,0,.5,0), "Out", "Quart", .9,true)
	asd1 = Create("Frame"){
		Parent = CCselection,
		BackgroundTransparency = 0,
		BackgroundColor3 = BrickColor.new(modecolor[2]).Color,
		BorderSizePixel = 0,
		AnchorPoint = Vector2.new(1,.5),
		Position = UDim2.new(1,0,.99,0),
		Size = UDim2.new(1,0,.02,0),
		ZIndex = 2
	}
	asd2 = Create("Frame"){
		Parent = CCselection,
		BackgroundTransparency = 0,
		BackgroundColor3 = BrickColor.new(modecolor[2]).Color,
		BorderSizePixel = 0,
		AnchorPoint = Vector2.new(0,1),
		Position = UDim2.new(0,0,1,0),
		Size = UDim2.new(.01,0,1,0),
		ZIndex = 2
	}
	asd3 = Create("Frame"){
		Parent = CCselection,
		BackgroundTransparency = 0,
		BackgroundColor3 = BrickColor.new(modecolor[2]).Color,
		BorderSizePixel = 0,
		AnchorPoint = Vector2.new(0,1),
		Position = UDim2.new(.99,0,1,0),
		Size = UDim2.new(.01,0,1,0),
		ZIndex = 2
	}
	haa = Create("TextLabel"){
		Parent = CCselection,
		BackgroundTransparency = 1,
		BorderSizePixel = 0,
		AnchorPoint = Vector2.new(.5,.5),
		Position = UDim2.new(.5,0,-.2,0),
		Size = UDim2.new(.95,0,.5,0),
		ZIndex = 2,
		Text = "Disable ColorCorrection Effect?",
		TextColor3 = BrickColor.new(modecolor[1]).Color,
		Font = "Bodoni",
		TextScaled = true,
		TextStrokeTransparency = 0
	}
	Yes = Create("TextButton"){
		Parent = CCselection,
		BorderSizePixel = 0,
		BackgroundTransparency = .4,
		BackgroundColor3 = BrickColor.new(modecolor[2]).Color,
		AnchorPoint = Vector2.new(.5,.5),
		Position = UDim2.new(-.3,0,.7,0),
		Size = UDim2.new(.35,0,.4,0),
		ZIndex = 9,
		Font = "Bodoni",
		Text = "Yes",
		TextScaled = true,
		TextStrokeTransparency = 0,
		TextColor3 = BrickColor.new(modecolor[1]).Color,
	}
	No = Create("TextButton"){
		Parent = CCselection,
		BorderSizePixel = 0,
		BackgroundTransparency = .4,
		BackgroundColor3 = BrickColor.new(modecolor[2]).Color,
		AnchorPoint = Vector2.new(.5,.5),
		Position = UDim2.new(1.3,0,.7,0),
		Size = UDim2.new(.35,0,.4,0),
		ZIndex = 9,
		Font = "Bodoni",
		Text = "No",
		TextScaled = true,
		TextStrokeTransparency = 0,
		TextColor3 = BrickColor.new(modecolor[1]).Color,
	}
	haa:TweenPosition(UDim2.new(.5,0,.23,0), "Out", "Quart", 2,true)
	Yes:TweenPosition(UDim2.new(.3,0,.7,0), "Out", "Quart", 2,true)
	No:TweenPosition(UDim2.new(.7,0,.7,0), "Out", "Quart", 2,true)
	local abcdefghijklmnopqrstuvwxyz1234567890 = false
	Yes.MouseButton1Click:connect(function()
		if abcdefghijklmnopqrstuvwxyz1234567890 == false then
			abcdefghijklmnopqrstuvwxyz1234567890 = true
			didcc = false
		end
	end)
	No.MouseButton1Click:connect(function()
		if abcdefghijklmnopqrstuvwxyz1234567890 == false then
			abcdefghijklmnopqrstuvwxyz1234567890 = true
			didcc = true
		end
	end)
	didcc = false
	abcdefghijklmnopqrstuvwxyz1234567890 = true
	repeat
		swait()
	until abcdefghijklmnopqrstuvwxyz1234567890
	coroutine.resume(coroutine.create(function(h)
		h:Remove()
	end),CCselection)
end

for _,c in pairs(Torso:children()) do
	if c:IsA("Motor") and c.Name ~= "Neck" then
		c:Remove()
	end
end

RJ.C0,RJ.C1 = CFrame.new(0,0,0),CFrame.new(0,0,0)
Neck.C0,Neck.C1 = CFrame.new(0,1.5,0),CFrame.new(0,0,0)
local RS = newMotor("Right Shoulder",Torso,RArm,CFrame.new(1.5, 0, 0), CFrame.new(0, 0, 0)) 
local LS = newMotor("Left Shoulder",Torso,LArm,CFrame.new(-1.5, 0, 0), CFrame.new(0, 0, 0))
local RH = newMotor("Right Hip",Torso,RLeg,CFrame.new(.5, -2, 0), CFrame.new(0, 0, 0))
local LH = newMotor("Left Hip",Torso,LLeg,CFrame.new(-.5, -2, 0), CFrame.new(0, 0, 0))

m = Create("Model"){
	Parent = chr,
	Name = "WModel",
};

e = Create("Model"){
	Parent = chr,
	Name = "Effect",
};

theme = Create("Sound"){
	Parent = chr,
	SoundId = "rbxassetid://1588725965",
	Volume = 2,
	PlaybackSpeed = 1,
	MaxDistance = 66666666,
	EmitterSize = 40,
	Name = "Theme",
	Looped = true
};

theme:Play()

coroutine.resume(coroutine.create(function()
	while true do
		swait()
		PlaybackLoudness = theme.PlaybackLoudness
	end
end))

local timeposit = Create("NumberValue"){
	Name = "STP",
	Value = true,
	Parent = script
};

for i,v in pairs(smallhats) do
    v.Handle:BreakJoints()
end

RealMain = parts(m,"RealMain",Vector3.new(0.100000001, 0.100000001, 0.100000001),"Medium stone grey",Enum.Material.SmoothPlastic,0,.7)
RealMainWeld = welds(RealMain,"MainWeld",Torso,RealMain,CFrame.new(0, 0, 0, 1, 0, 0, 0, 1, 0, 0, 0, 1),CFrame.new(0, 0, 0, 1, 0, 0, 0, 1, 0, 0, 0, 1))

SubMain = parts(m,"SubMain",Vector3.new(0.100000001, 0.100000001, 0.100000001),"Medium stone grey",Enum.Material.SmoothPlastic,0,.7)
SubMainWeld = welds(SubMain,"MainWeld",Root,SubMain,CFrame.new(0, 0, 0, 1, 0, 0, 0, 1, 0, 0, 0, 1),CFrame.new(0, 0, 0, 1, 0, 0, 0, 1, 0, 0, 0, 1))

Main = parts(m,"Main",Vector3.new(0.100000001, 0.100000001, 0.100000001),"Medium stone grey",Enum.Material.SmoothPlastic,0,.7)
MainWeld = welds(Main,"MainWeld",RealMain,Main,CFrame.new(0, 0, 0, 1, 0, 0, 0, 1, 0, 0, 0, 1),CFrame.new(0, 0, 0, 1, 0, 0, 0, 1, 0, 0, 0, 1))
meshs(Main,"Mesh",Vector3.new(8.5,8.5,8.5),Enum.MeshType.Sphere,"")

Main2 = parts(m,"Main2",Vector3.new(0.100000001, 0.100000001, 0.100000001),"Medium stone grey",Enum.Material.SmoothPlastic,0,0)
Main2Weld = welds(Main2,"Main2Weld",RealMain,Main2,CFrame.new(0, 0, 0, 1, 0, 0, 0, 1, 0, 0, 0, 1),CFrame.new(0, 0, 0, 1, 0, 0, 0, 1, 0, 0, 0, 1))
meshs(Main2,"Mesh",Vector3.new(6.5,6.5,6.5),Enum.MeshType.Sphere,"")

Main3 = parts(m,"Main3",Vector3.new(0.100000001, 0.100000001, 0.100000001),"Medium stone grey",Enum.Material.SmoothPlastic,0,1)
Main3Weld = welds(Main3,"Main2Weld",RealMain,Main3,CFrame.new(0, 0, 0, 1, 0, 0, 0, 1, 0, 0, 0, 1),CFrame.new(0, 0, 0, 1, 0, 0, 0, 1, 0, 0, 0, 1))
--al

Center1 = parts(m,"Center1",Vector3.new(0.100000001, 0.100000001, 0.100000001),"Medium stone grey",Enum.Material.SmoothPlastic,0,1)
Center1Weld = welds(Center1,"CenterWeld",Center1,Main,CFrame.new(0, 0, 0, 1, 0, 0, 0, 1, 0, 0, 0, 1),CFrame.new(0, 0, 0, 1, 0, 0, 0, 1, 0, 0, 0, 1)*CFrame.Angles(0,0,0))
Center2 = parts(m,"Center2",Vector3.new(0.100000001, 0.100000001, 0.100000001),"Medium stone grey",Enum.Material.SmoothPlastic,0,1)
Center2Weld = welds(Center2,"CenterWeld",Center2,Main,CFrame.new(0, 0, 0, 1, 0, 0, 0, 1, 0, 0, 0, 1),CFrame.new(0, 0, 0, 1, 0, 0, 0, 1, 0, 0, 0, 1)*CFrame.Angles(0,0,math.rad(60)))
Center3 = parts(m,"Center3",Vector3.new(0.100000001, 0.100000001, 0.100000001),"Medium stone grey",Enum.Material.SmoothPlastic,0,1)
Center3Weld = welds(Center3,"CenterWeld",Center3,Main,CFrame.new(0, 0, 0, 1, 0, 0, 0, 1, 0, 0, 0, 1),CFrame.new(0, 0, 0, 1, 0, 0, 0, 1, 0, 0, 0, 1)*CFrame.Angles(0,0,math.rad(120)))
Center4 = parts(m,"Center4",Vector3.new(0.100000001, 0.100000001, 0.100000001),"Medium stone grey",Enum.Material.SmoothPlastic,0,1)
Center4Weld = welds(Center4,"CenterWeld",Center4,Main,CFrame.new(0, 0, 0, 1, 0, 0, 0, 1, 0, 0, 0, 1),CFrame.new(0, 0, 0, 1, 0, 0, 0, 1, 0, 0, 0, 1)*CFrame.Angles(0,0,math.rad(180)))
Center5 = parts(m,"Center5",Vector3.new(0.100000001, 0.100000001, 0.100000001),"Medium stone grey",Enum.Material.SmoothPlastic,0,1)
Center5Weld = welds(Center5,"CenterWeld",Center5,Main,CFrame.new(0, 0, 0, 1, 0, 0, 0, 1, 0, 0, 0, 1),CFrame.new(0, 0, 0, 1, 0, 0, 0, 1, 0, 0, 0, 1)*CFrame.Angles(0,0,math.rad(240)))
Center6 = parts(m,"Center6",Vector3.new(0.100000001, 0.100000001, 0.100000001),"Medium stone grey",Enum.Material.SmoothPlastic,0,1)
Center6Weld = welds(Center6,"CenterWeld",Center6,Main,CFrame.new(0, 0, 0, 1, 0, 0, 0, 1, 0, 0, 0, 1),CFrame.new(0, 0, 0, 1, 0, 0, 0, 1, 0, 0, 0, 1)*CFrame.Angles(0,0,math.rad(300)))

-- align(smallhats[1].Handle,Main3)
-- align(smallhats[2].Handle,Center1,Vector3.new(0,0,0))
-- align(smallhats[3].Handle,Center2,Vector3.new(0,0,0))
-- align(smallhats[4].Handle,Center3,Vector3.new(0,0,0))
-- align(smallhats[5].Handle,Center4,Vector3.new(0,0,0))
-- align(smallhats[6].Handle,Center5,Vector3.new(0,0,0))
-- align(smallhats[7].Handle,Center6,Vector3.new(0,0,0))

local plight = Create("PointLight"){
	Parent = Torso,
	Brightness = 1.4,
	Range = 20,
};
local A1 = Create("Attachment"){
	Parent = Center1,
	Position = Vector3.new(0,0,0)
};
local A2 = Create("Attachment"){
	Parent = Center1,
	Position = Vector3.new(0,0,4.5)
};
local A3 = Create("Attachment"){
	Parent = Center2,
	Position = Vector3.new(0,0,0)
};
local A4 = Create("Attachment"){
	Parent = Center2,
	Position = Vector3.new(0,0,4.5)
};
local A5 = Create("Attachment"){
	Parent = Center3,
	Position = Vector3.new(0,0,0)
};
local A6 = Create("Attachment"){
	Parent = Center3,
	Position = Vector3.new(0,0,4.5)
};
local A7 = Create("Attachment"){
	Parent = Center4,
	Position = Vector3.new(0,0,0)
};
local A8 = Create("Attachment"){
	Parent = Center4,
	Position = Vector3.new(0,0,4.5)
};
local A9 = Create("Attachment"){
	Parent = Center5,
	Position = Vector3.new(0,0,0)
};
local A10 = Create("Attachment"){
	Parent = Center5,
	Position = Vector3.new(0,0,4.5)
};
local A11 = Create("Attachment"){
	Parent = Center6,
	Position = Vector3.new(0,0,0)
};
local A12 = Create("Attachment"){
	Parent = Center6,
	Position = Vector3.new(0,0,4.5)
};
local Trail11 = Create("Trail"){
	Parent = m,
	LightEmission = 1,
	LightInfluence = 0,
	FaceCamera = false,
	Texture = "rbxassetid://945758042",
	Attachment0 = A1,
	Attachment1 = A2,
	Lifetime = 1,
	MinLength = 0,
	TextureLength = .3,
	Transparency = NumberSequence.new(.1, 1),
	Color = ColorSequence.new(BrickColor.new("Cyan").Color,BrickColor.new("Dark blue").Color)
};
local Trail12 = Create("Trail"){
	Parent = m,
	LightEmission = 1,
	LightInfluence = 0,
	FaceCamera = false,
	Texture = "rbxassetid://945758042",
	Attachment0 = A3,
	Attachment1 = A4,
	Lifetime = 1,
	MinLength = 0,
	TextureLength = .3,
	Transparency = NumberSequence.new(.1, 1),
	Color = ColorSequence.new(BrickColor.new("Cyan").Color,BrickColor.new("Dark blue").Color)
};
local Trail13 = Create("Trail"){
	Parent = m,
	LightEmission = 1,
	LightInfluence = 0,
	FaceCamera = false,
	Texture = "rbxassetid://945758042",
	Attachment0 = A5,
	Attachment1 = A6,
	Lifetime = 1,
	MinLength = 0,
	TextureLength = .3,
	Transparency = NumberSequence.new(.1, 1),
	Color = ColorSequence.new(BrickColor.new("Cyan").Color,BrickColor.new("Dark blue").Color)
};
local Trail14 = Create("Trail"){
	Parent = m,
	LightEmission = 1,
	LightInfluence = 0,
	FaceCamera = false,
	Texture = "rbxassetid://945758042",
	Attachment0 = A7,
	Attachment1 = A8,
	Lifetime = 1,
	MinLength = 0,
	TextureLength = .3,
	Transparency = NumberSequence.new(.1, 1),
	Color = ColorSequence.new(BrickColor.new("Cyan").Color,BrickColor.new("Dark blue").Color)
};
local Trail15 = Create("Trail"){
	Parent = m,
	LightEmission = 1,
	LightInfluence = 0,
	FaceCamera = false,
	Texture = "rbxassetid://945758042",
	Attachment0 = A9,
	Attachment1 = A10,
	Lifetime = 1,
	MinLength = 0,
	TextureLength = .3,
	Transparency = NumberSequence.new(.1, 1),
	Color = ColorSequence.new(BrickColor.new("Cyan").Color,BrickColor.new("Dark blue").Color)
};
local Trail16 = Create("Trail"){
	Parent = m,
	LightEmission = 1,
	LightInfluence = 0,
	FaceCamera = false,
	Texture = "rbxassetid://945758042",
	Attachment0 = A11,
	Attachment1 = A12,
	Lifetime = 1,
	MinLength = 0,
	TextureLength = .3,
	Transparency = NumberSequence.new(.1, 1),
	Color = ColorSequence.new(BrickColor.new("Cyan").Color,BrickColor.new("Dark blue").Color)
};
Mode1 = parts(m,"Mode1",Vector3.new(0.200000003, 0.200000003, 0.200000003),"Institutional white",Enum.Material.SmoothPlastic,0,0)
Mode1Weld = welds(Mode1,"Mode1Weld",Main2,Mode1,CFrame.new(0, 0, 0, 1, 0, 0, 0, 1, 0, 0, 0, 1),CFrame.new(-0.60002327, 5.62146306e-05, 5.07831573e-05, 0.99999994, -6.02600194e-05, 0.000190808089, 6.03433764e-05, 0.99999994, -0.000436922826, -0.00019078172, 0.000436934381, 0.999999881))

meshs(Mode1,"Mesh",Vector3.new(0.5, 0.5, 0.899999976),Enum.MeshType.Brick,"")
Mode1 = parts(m,"Mode1",Vector3.new(0.200000003, 0.200000003, 0.200000003),"Institutional white",Enum.Material.SmoothPlastic,0,0)
Mode1Weld = welds(Mode1,"Mode1Weld",Main2,Mode1,CFrame.new(0, 0, 0, 1, 0, 0, 0, 1, 0, 0, 0, 1),CFrame.new(0.599981308, 5.61699271e-05, 5.05447388e-05, 0.99999994, -6.02600194e-05, 0.000190808089, 6.03433764e-05, 0.99999994, -0.000436922826, -0.00019078172, 0.000436934381, 0.999999881))

meshs(Mode1,"Mesh",Vector3.new(0.5, 0.5, 0.899999976),Enum.MeshType.Brick,"")
Mode1 = parts(m,"Mode1",Vector3.new(0.200000003, 0.200000003, 0.200000003),"Institutional white",Enum.Material.SmoothPlastic,0,0)
Mode1Weld = welds(Mode1,"Mode1Weld",Main2,Mode1,CFrame.new(0, 0, 0, 1, 0, 0, 0, 1, 0, 0, 0, 1),CFrame.new(0.599953651, 5.59538603e-05, -2.19345093e-05, 0.000190932158, 6.22972293e-05, -0.99999994, -0.000252766127, 1.00000012, 6.22489752e-05, 1, 0.000252754282, 0.000190947932))
meshs(Mode1,"Mesh",Vector3.new(0.5, 0.5, 0.899999976),Enum.MeshType.Brick,"")
Mode1 = parts(m,"Mode1",Vector3.new(0.200000003, 0.200000003, 0.200000003),"Institutional white",Enum.Material.SmoothPlastic,0,0)
Mode1Weld = welds(Mode1,"Mode1Weld",Main2,Mode1,CFrame.new(0, 0, 0, 1, 0, 0, 0, 1, 0, 0, 0, 1),CFrame.new(-0.60005188, 5.65573573e-05, -2.28881836e-05, 0.000190932158, 6.22972293e-05, -0.99999994, -0.000252766127, 1.00000012, 6.22489752e-05, 1, 0.000252754282, 0.000190947932))

meshs(Mode1,"Mesh",Vector3.new(0.5, 0.5, 0.899999976),Enum.MeshType.Brick,"")
Mode1 = parts(m,"Mode1",Vector3.new(0.200000003, 0.200000003, 0.200000003),"Institutional white",Enum.Material.SmoothPlastic,0,0)
Mode1Weld = welds(Mode1,"Mode1Weld",Main2,Mode1,CFrame.new(0, 0, 0, 1, 0, 0, 0, 1, 0, 0, 0, 1),CFrame.new(-0.600036144, 5.65350056e-05, 4.33921814e-05, 0.965975165, -6.29760616e-05, -0.258634627, -4.1567484e-05, 1, -0.0003987448, 0.258634657, 0.000395928393, 0.965975165))

meshs(Mode1,"Mesh",Vector3.new(0.5, 0.5, 0.899999976),Enum.MeshType.Brick,"")
Mode1 = parts(m,"Mode1",Vector3.new(0.200000003, 0.200000003, 0.200000003),"Institutional white",Enum.Material.SmoothPlastic,0,0)
Mode1Weld = welds(Mode1,"Mode1Weld",Main2,Mode1,CFrame.new(0, 0, 0, 1, 0, 0, 0, 1, 0, 0, 0, 1),CFrame.new(0.599968433, 5.59315085e-05, 4.33921814e-05, 0.965975165, -6.29760616e-05, -0.258634627, -4.1567484e-05, 1, -0.0003987448, 0.258634657, 0.000395928393, 0.965975165))

meshs(Mode1,"Mesh",Vector3.new(0.5, 0.5, 0.899999976),Enum.MeshType.Brick,"")
Mode1 = parts(m,"Mode1",Vector3.new(0.200000003, 0.200000003, 0.200000003),"Institutional white",Enum.Material.SmoothPlastic,0,0)
Mode1Weld = welds(Mode1,"Mode1Weld",Main2,Mode1,CFrame.new(0, 0, 0, 1, 0, 0, 0, 1, 0, 0, 0, 1),CFrame.new(-0.600043774, 5.65722585e-05, -3.43322754e-05, -0.258634627, 0.000103007784, -0.965975225, -0.000214813932, 1, 0.000164151323, 0.965975225, 0.000249960169, -0.258634597))
meshs(Mode1,"Mesh",Vector3.new(0.5, 0.5, 0.899999976),Enum.MeshType.Brick,"")
Mode1 = parts(m,"Mode1",Vector3.new(0.200000003, 0.200000003, 0.200000003),"Institutional white",Enum.Material.SmoothPlastic,0,0)
Mode1Weld = welds(Mode1,"Mode1Weld",Main2,Mode1,CFrame.new(0, 0, 0, 1, 0, 0, 0, 1, 0, 0, 0, 1),CFrame.new(0.599961281, 5.59687614e-05, -3.38554382e-05, -0.258634627, 0.000103007784, -0.965975225, -0.000214813932, 1, 0.000164151323, 0.965975225, 0.000249960169, -0.258634597))

meshs(Mode1,"Mesh",Vector3.new(0.5, 0.5, 0.899999976),Enum.MeshType.Brick,"")
Mode1 = parts(m,"Mode1",Vector3.new(0.200000003, 0.200000003, 0.200000003),"Institutional white",Enum.Material.SmoothPlastic,0,0)
Mode1Weld = welds(Mode1,"Mode1Weld",Main2,Mode1,CFrame.new(0, 0, 0, 1, 0, 0, 0, 1, 0, 0, 0, 1),CFrame.new(-0.600046158, 5.65350056e-05, 3.24249268e-05, 0.866120577, -5.50710247e-05, -0.499835044, -0.000130296641, 0.99999994, -0.000335958146, 0.499835044, 0.000356107164, 0.866120517))

meshs(Mode1,"Mesh",Vector3.new(0.5, 0.5, 0.899999976),Enum.MeshType.Brick,"")
Mode1 = parts(m,"Mode1",Vector3.new(0.200000003, 0.200000003, 0.200000003),"Institutional white",Enum.Material.SmoothPlastic,0,0)
Mode1Weld = welds(Mode1,"Mode1Weld",Main2,Mode1,CFrame.new(0, 0, 0, 1, 0, 0, 0, 1, 0, 0, 0, 1),CFrame.new(0.599957943, 5.59389591e-05, 3.24249268e-05, 0.866120577, -5.50710247e-05, -0.499835044, -0.000130296641, 0.99999994, -0.000335958146, 0.499835044, 0.000356107164, 0.866120517))

meshs(Mode1,"Mesh",Vector3.new(0.5, 0.5, 0.899999976),Enum.MeshType.Brick,"")
Mode1 = parts(m,"Mode1",Vector3.new(0.200000003, 0.200000003, 0.200000003),"Institutional white",Enum.Material.SmoothPlastic,0,0)
Mode1Weld = welds(Mode1,"Mode1Weld",Main2,Mode1,CFrame.new(0, 0, 0, 1, 0, 0, 0, 1, 0, 0, 0, 1),CFrame.new(-0.600032806, 5.65648079e-05, -4.57763672e-05, -0.499835044, 0.000143036465, -0.866120577, -0.000152027264, 0.99999994, 0.000252880505, 0.866120577, 0.000258072512, -0.499834985))

meshs(Mode1,"Mesh",Vector3.new(0.5, 0.5, 0.899999976),Enum.MeshType.Brick,"")
Mode1 = parts(m,"Mode1",Vector3.new(0.200000003, 0.200000003, 0.200000003),"Institutional white",Enum.Material.SmoothPlastic,0,0)
Mode1Weld = welds(Mode1,"Mode1Weld",Main2,Mode1,CFrame.new(0, 0, 0, 1, 0, 0, 0, 1, 0, 0, 0, 1),CFrame.new(0.599971771, 5.59613109e-05, -4.29153442e-05, -0.499835044, 0.000143036465, -0.866120577, -0.000152027264, 0.99999994, 0.000252880505, 0.866120577, 0.000258072512, -0.499834985))

meshs(Mode1,"Mesh",Vector3.new(0.5, 0.5, 0.899999976),Enum.MeshType.Brick,"")
Mode1 = parts(m,"Mode1",Vector3.new(0.200000003, 0.200000003, 0.200000003),"Institutional white",Enum.Material.SmoothPlastic,0,0)
Mode1Weld = welds(Mode1,"Mode1Weld",Main2,Mode1,CFrame.new(0, 0, 0, 1, 0, 0, 0, 1, 0, 0, 0, 1),CFrame.new(0.599952459, 5.59389591e-05, 2.00271606e-05, 0.707241654, -3.7075326e-05, -0.706971943, -0.00019946543, 1, -0.000251983991, 0.706971884, 0.000319230021, 0.707241595))
meshs(Mode1,"Mesh",Vector3.new(0.5, 0.5, 0.899999976),Enum.MeshType.Brick,"")
Mode1 = parts(m,"Mode1",Vector3.new(0.200000003, 0.200000003, 0.200000003),"Institutional white",Enum.Material.SmoothPlastic,0,0)
Mode1Weld = welds(Mode1,"Mode1Weld",Main2,Mode1,CFrame.new(0, 0, 0, 1, 0, 0, 0, 1, 0, 0, 0, 1),CFrame.new(0.599985123, 5.59687614e-05, -4.95910645e-05, -0.706971943, 0.000179655064, -0.707241654, -6.80531157e-05, 1, 0.00032204928, 0.707241714, 0.000275809783, -0.706971824))
meshs(Mode1,"Mesh",Vector3.new(0.5, 0.5, 0.899999976),Enum.MeshType.Brick,"")
Mode1 = parts(m,"Mode1",Vector3.new(0.200000003, 0.200000003, 0.200000003),"Institutional white",Enum.Material.SmoothPlastic,0,0)
Mode1Weld = welds(Mode1,"Mode1Weld",Main2,Mode1,CFrame.new(0, 0, 0, 1, 0, 0, 0, 1, 0, 0, 0, 1),CFrame.new(-0.600018501, 5.65648079e-05, -5.22136688e-05, -0.706971943, 0.000179655064, -0.707241654, -6.80531157e-05, 1, 0.00032204928, 0.707241714, 0.000275809783, -0.706971824))
meshs(Mode1,"Mesh",Vector3.new(0.5, 0.5, 0.899999976),Enum.MeshType.Brick,"")
Mode1 = parts(m,"Mode1",Vector3.new(0.200000003, 0.200000003, 0.200000003),"Institutional white",Enum.Material.SmoothPlastic,0,0)
Mode1Weld = welds(Mode1,"Mode1Weld",Main2,Mode1,CFrame.new(0, 0, 0, 1, 0, 0, 0, 1, 0, 0, 0, 1),CFrame.new(-0.600052118, 5.65424562e-05, 2.00271606e-05, 0.707241654, -3.7075326e-05, -0.706971943, -0.00019946543, 1, -0.000251983991, 0.706971884, 0.000319230021, 0.707241595))
meshs(Mode1,"Mesh",Vector3.new(0.5, 0.5, 0.899999976),Enum.MeshType.Brick,"")
Mode1 = parts(m,"Mode1",Vector3.new(0.200000003, 0.200000003, 0.200000003),"Institutional white",Enum.Material.SmoothPlastic,0,0)
Mode1Weld = welds(Mode1,"Mode1Weld",Main2,Mode1,CFrame.new(0, 0, 0, 1, 0, 0, 0, 1, 0, 0, 0, 1),CFrame.new(-0.600054741, 5.65499067e-05, 5.7220459e-06, 0.500164807, -1.02151007e-05, -0.8659302, -0.000244551949, 1.00000012, -0.000153050874, 0.86593014, 0.000288315583, 0.500164807))
meshs(Mode1,"Mesh",Vector3.new(0.5, 0.5, 0.899999976),Enum.MeshType.Brick,"")
Mode1 = parts(m,"Mode1",Vector3.new(0.200000003, 0.200000003, 0.200000003),"Institutional white",Enum.Material.SmoothPlastic,0,0)
Mode1Weld = welds(Mode1,"Mode1Weld",Main2,Mode1,CFrame.new(0, 0, 0, 1, 0, 0, 0, 1, 0, 0, 0, 1),CFrame.new(-0.60000515, 5.65797091e-05, -5.57899475e-05, -0.8659302, 0.000210368336, -0.500164866, 3.08799863e-05, 1, 0.000367135799, 0.500164926, 0.000302468892, -0.8659302))
meshs(Mode1,"Mesh",Vector3.new(0.5, 0.5, 0.899999976),Enum.MeshType.Brick,"")
Mode1 = parts(m,"Mode1",Vector3.new(0.200000003, 0.200000003, 0.200000003),"Institutional white",Enum.Material.SmoothPlastic,0,0)
Mode1Weld = welds(Mode1,"Mode1Weld",Main2,Mode1,CFrame.new(0, 0, 0, 1, 0, 0, 0, 1, 0, 0, 0, 1),CFrame.new(0.599949121, 5.59538603e-05, 5.7220459e-06, 0.500164807, -1.02151007e-05, -0.8659302, -0.000244551949, 1.00000012, -0.000153050874, 0.86593014, 0.000288315583, 0.500164807))
meshs(Mode1,"Mesh",Vector3.new(0.5, 0.5, 0.899999976),Enum.MeshType.Brick,"")
Mode1 = parts(m,"Mode1",Vector3.new(0.200000003, 0.200000003, 0.200000003),"Institutional white",Enum.Material.SmoothPlastic,0,0)
Mode1Weld = welds(Mode1,"Mode1Weld",Main2,Mode1,CFrame.new(0, 0, 0, 1, 0, 0, 0, 1, 0, 0, 0, 1),CFrame.new(0.59999752, 5.59687614e-05, -5.17368317e-05, -0.8659302, 0.000210368336, -0.500164866, 3.08799863e-05, 1, 0.000367135799, 0.500164926, 0.000302468892, -0.8659302))
meshs(Mode1,"Mesh",Vector3.new(0.5, 0.5, 0.899999976),Enum.MeshType.Brick,"")
Mode1 = parts(m,"Mode1",Vector3.new(0.200000003, 0.200000003, 0.200000003),"Institutional white",Enum.Material.SmoothPlastic,0,0)
Mode1Weld = welds(Mode1,"Mode1Weld",Main2,Mode1,CFrame.new(0, 0, 0, 1, 0, 0, 0, 1, 0, 0, 0, 1),CFrame.new(-0.599990845, 5.65573573e-05, -5.55515289e-05, -0.9658764, 0.000233083105, -0.259003252, 0.000138002797, 1, 0.000385282619, 0.259003311, 0.000336392171, -0.965876281))
meshs(Mode1,"Mesh",Vector3.new(0.5, 0.5, 0.899999976),Enum.MeshType.Brick,"")
Mode1 = parts(m,"Mode1",Vector3.new(0.200000003, 0.200000003, 0.200000003),"Institutional white",Enum.Material.SmoothPlastic,0,0)
Mode1Weld = welds(Mode1,"Mode1Weld",Main2,Mode1,CFrame.new(0, 0, 0, 1, 0, 0, 0, 1, 0, 0, 0, 1),CFrame.new(-0.600054264, 5.65573573e-05, -8.58306885e-06, 0.259003222, 2.36790056e-05, -0.9658764, -0.000262698741, 1.00000012, -4.59280636e-05, 0.965876341, 0.000265630079, 0.259003252))
meshs(Mode1,"Mesh",Vector3.new(0.5, 0.5, 0.899999976),Enum.MeshType.Brick,"")
Mode1 = parts(m,"Mode1",Vector3.new(0.200000003, 0.200000003, 0.200000003),"Institutional white",Enum.Material.SmoothPlastic,0,0)
Mode1Weld = welds(Mode1,"Mode1Weld",Main2,Mode1,CFrame.new(0, 0, 0, 1, 0, 0, 0, 1, 0, 0, 0, 1),CFrame.new(0.599949598, 5.59464097e-05, -7.62939453e-06, 0.259003222, 2.36790056e-05, -0.9658764, -0.000262698741, 1.00000012, -4.59280636e-05, 0.965876341, 0.000265630079, 0.259003252))
meshs(Mode1,"Mesh",Vector3.new(0.5, 0.5, 0.899999976),Enum.MeshType.Brick,"")
Mode1 = parts(m,"Mode1",Vector3.new(0.200000003, 0.200000003, 0.200000003),"Institutional white",Enum.Material.SmoothPlastic,0,0)
Mode1Weld = welds(Mode1,"Mode1Weld",Main2,Mode1,CFrame.new(0, 0, 0, 1, 0, 0, 0, 1, 0, 0, 0, 1),CFrame.new(0.600013733, 5.59538603e-05, -5.10215759e-05, -0.9658764, 0.000233083105, -0.259003252, 0.000138002797, 1, 0.000385282619, 0.259003311, 0.000336392171, -0.965876281))
meshs(Mode1,"Mesh",Vector3.new(0.5, 0.5, 0.899999976),Enum.MeshType.Brick,"")
